0.084
0.0420
0.0454
-0.0256
0.0879
0.0186
0.0796
0.0447
0.0502
0.0138
0.0421
0.0441
0.0540
-0.0202
0.0229
0.0249
0.0258
0.0380
0.0313
0.0092
0.0195
0.0466
0.0043
-0.0030
0.0227
0.0414
0.0329
-0.0134
-0.0226
0.0680
-0.0210
-0.0265
0.1164
0.0206
0.0569
0.0168
0.0373
0.0072
0.0291
-0.0158
0.0327
-0.0501
0.1675
0.0979
0.0282
0.0366
0.0199
0.0361
0.1598
0.0129
-0.0078
0.0067
-0.0299
0.0820
0.3281
0.0320
0.1373
0.2571
0.2428
-0.0496
0.0822
0.1769
0.0624
0.1500
0.0936
0.1421
-0.0804
0.2348
0.0143
0.0994
0.1492
-0.0825
0.1666
0.0557
0.1512
0.0038
0.0449
0.0287
0.0196
0.1021
0.2010
-0.1112
0.0846
0.1604
0.0297
-0.0910
0.1075
0.0128
0.069
