0.078131154
0.028248583
-0.045970357
0.046707946
0.042705639
-0.210958736
0.085381894
0.22814576
0.182678258
0.284770197
-0.115027494
-0.034894834
-0.087387644
0.270217231
0.073076923
-0.091645492
0.033812341
0.078053107
-0.122313763
0.212353942
0
-0.055452853
-0.112298795
0.026569151
-0.009646361
0.017357581
0.123358359
0.228353098
-0.141764488
0.187635135
0.120838802
-0.049721547
-0.174098796
0.233623138
0.170818505
-0.07306807
-0.267728415
0.280419399
0.00559999
-0.013985256
-0.005939751
-0.049563125
-0.118
-0.115180335
0.21134564
-0.088245802
-0.370376176
-0.076198882
-0.038348569
-0.182076653
0.154303881
0.226435095
-0.036539586
0.198187995
0.155574447
0.083500847
0.323332758
0.434726767
-0.126709574
-0.208381495
-0.42248615
-0.053077426
0.452814463
-0.147282063
0.387798541
0.320225819
-0.361549056
0.121005431
-0.008920863
-0.154442715
-0.239816464
0.049669686
0.140682137
0.112814678
0.306445963
-0.285491573
-0.115491418
0.022791639
0.122340426
0.162525189
0.093158265
0.078196732
-0.038347613
0.408745745
0.235541045
-0.000833785
-0.12651909
0.333969542
0.03264718
0.011855705
0.148853539
-0.07045103
0.156055103
0.115656286
0.063158909
-0.125306003
0.085796138
0.02801186
-0.166138604
-0.016808659
0.069981853
0.105817869
-0.257937377
-0.32473088
0.250864083
0.018525284
-0.186184971
-0.012846349
0.072458361
-0.186319457
0.186154216
0.106755431
-0.003939573
0.167899163
0.25213374
-0.089765102
0.088517597
0.132299568
-0.093805497
0.245921189
0.013015605
0.059998593
-0.043196369
0.285554955
0.210222593
0.237838395
0.274963172
0.111161805
-0.096812702
-0.15595371
-0.234210798
0.240307515
0.013083056
0.040893246
0.091083041
-0.071616005
-0.372391329
0.264854639
0.12321835
-0.014816173
0.120392645
0.211857039
0.113936744
-0.066841807
0.156900007
0.201347052
